FN: 255200
FP: 409117
TN: 279866
TP: 455750
accuracy: 0.5254651308059692
f1: 0.5784301161766052
loss: 0.6926323800326348
precision: 0.5269596576690674
recall: 0.6410436630249023
Sharpe_Ratio_Equal-Weight_D1: -0.9631609359281319
Sharpe_Ratio_Equal-Weight_D10: 1.898708872638494
Sharpe_Ratio_Equal-Weight_D2: -0.39095895855733503
Sharpe_Ratio_Equal-Weight_D3: -0.04636936168931004
Sharpe_Ratio_Equal-Weight_D4: 0.0757079842926829
Sharpe_Ratio_Equal-Weight_D5: 0.3236271009336505
Sharpe_Ratio_Equal-Weight_D6: 0.464735296231906
Sharpe_Ratio_Equal-Weight_D7: 0.6832267810180523
Sharpe_Ratio_Equal-Weight_D8: 0.7306279314673417
Sharpe_Ratio_Equal-Weight_D9: 1.1096675056610945
Sharpe_Ratio_Equal-Weight_H-L: 6.846340934515403
Sharpe_Ratio_Value-Weight_D1: -0.4844383392181685
Sharpe_Ratio_Value-Weight_D10: 0.8322039615134931
Sharpe_Ratio_Value-Weight_D2: -0.37718417444068464
Sharpe_Ratio_Value-Weight_D3: -0.12838010102724487
Sharpe_Ratio_Value-Weight_D4: -0.09708167699563786
Sharpe_Ratio_Value-Weight_D5: 0.050542546731558564
Sharpe_Ratio_Value-Weight_D6: 0.17872969316512835
Sharpe_Ratio_Value-Weight_D7: 0.3963510272360103
Sharpe_Ratio_Value-Weight_D8: 0.44527318847116054
Sharpe_Ratio_Value-Weight_D9: 0.4639586104604732
Sharpe_Ratio_Value-Weight_H-L: 2.381329293160587
Equal-Weight_D1: -0.18528293991451872
Equal-Weight_D10: 0.4451608889362335
Equal-Weight_D2: -0.06184418803406044
Equal-Weight_D3: 0.010189749306686924
Equal-Weight_D4: 0.03581178367171267
Equal-Weight_D5: 0.08697755320145473
Equal-Weight_D6: 0.11772832952587975
Equal-Weight_D7: 0.16253787918332852
Equal-Weight_D8: 0.17594795317332612
Equal-Weight_D9: 0.2562152896856964
Equal-Weight_H-L: 0.7697223472385166
Value-Weight_D1: -0.08416223118082766
Value-Weight_D10: 0.1737915692519214
Value-Weight_D2: -0.055622492479158736
Value-Weight_D3: -0.005453853149083088
Value-Weight_D4: 0.0013370194158544013
Value-Weight_D5: 0.030283060598824463
Value-Weight_D6: 0.0542116688384604
Value-Weight_D7: 0.09437922435307122
Value-Weight_D8: 0.10482665489879506
Value-Weight_D9: 0.10523661713299193
Value-Weight_H-L: 0.2811060033519135
