FN: 342077
FP: 360515
TN: 356412
TP: 431933
accuracy: 0.5287581086158752
f1: 0.5514772534370422
loss: 0.6951619864710431
precision: 0.5450616478919983
recall: 0.5580457448959351
Sharpe_Ratio_Equal-Weight_D1: -0.4543268482623642
Sharpe_Ratio_Equal-Weight_D10: 1.0120845629676904
Sharpe_Ratio_Equal-Weight_D2: -0.0758351082128904
Sharpe_Ratio_Equal-Weight_D3: 0.1388839701020977
Sharpe_Ratio_Equal-Weight_D4: 0.19262059471605592
Sharpe_Ratio_Equal-Weight_D5: 0.22994660202146006
Sharpe_Ratio_Equal-Weight_D6: 0.35658986166869294
Sharpe_Ratio_Equal-Weight_D7: 0.44044855489255064
Sharpe_Ratio_Equal-Weight_D8: 0.5957929060652255
Sharpe_Ratio_Equal-Weight_D9: 0.6830332144563311
Sharpe_Ratio_Equal-Weight_H-L: 2.580916175226134
Sharpe_Ratio_Value-Weight_D1: 0.0020543921753399695
Sharpe_Ratio_Value-Weight_D10: 0.4581658148309748
Sharpe_Ratio_Value-Weight_D2: 0.019956879494903573
Sharpe_Ratio_Value-Weight_D3: 0.12259052359282681
Sharpe_Ratio_Value-Weight_D4: 0.09586203725685244
Sharpe_Ratio_Value-Weight_D5: 0.057490658435867384
Sharpe_Ratio_Value-Weight_D6: 0.2460825452704924
Sharpe_Ratio_Value-Weight_D7: 0.2631479742737495
Sharpe_Ratio_Value-Weight_D8: 0.4210305551710986
Sharpe_Ratio_Value-Weight_D9: 0.3581771426304853
Sharpe_Ratio_Value-Weight_H-L: 0.4892350927376461
Equal-Weight_D1: -0.06185372371583597
Equal-Weight_D10: 0.25145010483462626
Equal-Weight_D2: 0.005083885853236048
Equal-Weight_D3: 0.04800379716229708
Equal-Weight_D4: 0.060143791760234544
Equal-Weight_D5: 0.06661860441297196
Equal-Weight_D6: 0.09598178529790435
Equal-Weight_D7: 0.11604671939789113
Equal-Weight_D8: 0.15176559377642884
Equal-Weight_D9: 0.1709801227605965
Equal-Weight_H-L: 0.332040946913142
Value-Weight_D1: 0.020350777204750647
Value-Weight_D10: 0.10479174996308305
Value-Weight_D2: 0.023670017476191907
Value-Weight_D3: 0.041279427118496415
Value-Weight_D4: 0.03729211198290283
Value-Weight_D5: 0.030677090186713052
Value-Weight_D6: 0.06272895185550875
Value-Weight_D7: 0.06777485759646407
Value-Weight_D8: 0.09583337317569218
Value-Weight_D9: 0.08343439141468179
Value-Weight_H-L: 0.08289414398194839
