FN: 347169
FP: 322112
TN: 343919
TP: 380645
accuracy: 0.519831120967865
f1: 0.5321581959724426
loss: 0.697504497428374
precision: 0.5416452884674072
recall: 0.5229976177215576
Sharpe_Ratio_Equal-Weight_D1: -0.07959449733124223
Sharpe_Ratio_Equal-Weight_D10: 0.7501055540538132
Sharpe_Ratio_Equal-Weight_D2: 0.12059367682575255
Sharpe_Ratio_Equal-Weight_D3: 0.1783255733314111
Sharpe_Ratio_Equal-Weight_D4: 0.24048493480775943
Sharpe_Ratio_Equal-Weight_D5: 0.29979018423395515
Sharpe_Ratio_Equal-Weight_D6: 0.40273571439152034
Sharpe_Ratio_Equal-Weight_D7: 0.47557549535157423
Sharpe_Ratio_Equal-Weight_D8: 0.4863410198820158
Sharpe_Ratio_Equal-Weight_D9: 0.5657508056782041
Sharpe_Ratio_Equal-Weight_H-L: 1.911147841748594
Sharpe_Ratio_Value-Weight_D1: 0.002305932244581273
Sharpe_Ratio_Value-Weight_D10: 0.34689895631032613
Sharpe_Ratio_Value-Weight_D2: 0.20400720338616082
Sharpe_Ratio_Value-Weight_D3: 0.29481346996242136
Sharpe_Ratio_Value-Weight_D4: 0.1541237098820565
Sharpe_Ratio_Value-Weight_D5: 0.21263820538720588
Sharpe_Ratio_Value-Weight_D6: 0.2719392588407078
Sharpe_Ratio_Value-Weight_D7: 0.27900496048367585
Sharpe_Ratio_Value-Weight_D8: 0.3481944133329375
Sharpe_Ratio_Value-Weight_D9: 0.3756147405521131
Sharpe_Ratio_Value-Weight_H-L: 0.4209202647316168
Equal-Weight_D1: 0.003966793196204854
Equal-Weight_D10: 0.16782240510947366
Equal-Weight_D2: 0.04403274218227571
Equal-Weight_D3: 0.055242808746602146
Equal-Weight_D4: 0.06789204965195572
Equal-Weight_D5: 0.0798364692874014
Equal-Weight_D6: 0.10091479565221673
Equal-Weight_D7: 0.11292076057129319
Equal-Weight_D8: 0.11517905903009518
Equal-Weight_D9: 0.1328151661831114
Equal-Weight_H-L: 0.1632631327207421
Value-Weight_D1: 0.020420885427889557
Value-Weight_D10: 0.08025325447444764
Value-Weight_D2: 0.055723012353960044
Value-Weight_D3: 0.07216716076928886
Value-Weight_D4: 0.04695324484544949
Value-Weight_D5: 0.05820534118160925
Value-Weight_D6: 0.0670562825169323
Value-Weight_D7: 0.06871761794237186
Value-Weight_D8: 0.08120277672571019
Value-Weight_D9: 0.08248326638833325
Value-Weight_H-L: 0.05873163202920528
