FN: 370141
FP: 292137
TN: 373894
TP: 357673
accuracy: 0.524855375289917
f1: 0.5192607045173645
loss: 0.6928136908324977
precision: 0.5504270195960999
recall: 0.49143463373184204
Sharpe_Ratio_Equal-Weight_D1: -0.2671169084224298
Sharpe_Ratio_Equal-Weight_D10: 0.8702327475707732
Sharpe_Ratio_Equal-Weight_D2: 0.07253878288777522
Sharpe_Ratio_Equal-Weight_D3: 0.19260041525910754
Sharpe_Ratio_Equal-Weight_D4: 0.2870868488398523
Sharpe_Ratio_Equal-Weight_D5: 0.33082599455008976
Sharpe_Ratio_Equal-Weight_D6: 0.38194458292786754
Sharpe_Ratio_Equal-Weight_D7: 0.49046629043430545
Sharpe_Ratio_Equal-Weight_D8: 0.5645972797493334
Sharpe_Ratio_Equal-Weight_D9: 0.645221413062383
Sharpe_Ratio_Equal-Weight_H-L: 2.2153680641728846
Sharpe_Ratio_Value-Weight_D1: 0.15302380908718935
Sharpe_Ratio_Value-Weight_D10: 0.3617336304061079
Sharpe_Ratio_Value-Weight_D2: 0.18930386346989914
Sharpe_Ratio_Value-Weight_D3: 0.20625379628189283
Sharpe_Ratio_Value-Weight_D4: 0.24866607264747181
Sharpe_Ratio_Value-Weight_D5: 0.17338397799765906
Sharpe_Ratio_Value-Weight_D6: 0.24101304236274582
Sharpe_Ratio_Value-Weight_D7: 0.3639232904495242
Sharpe_Ratio_Value-Weight_D8: 0.32963990547781924
Sharpe_Ratio_Value-Weight_D9: 0.2981602919491914
Sharpe_Ratio_Value-Weight_H-L: 0.11201173779814319
Equal-Weight_D1: -0.03720489054814413
Equal-Weight_D10: 0.18191920055418476
Equal-Weight_D2: 0.0348676739883782
Equal-Weight_D3: 0.05972064672636712
Equal-Weight_D4: 0.0786129217334759
Equal-Weight_D5: 0.08662693747630024
Equal-Weight_D6: 0.09527777139211868
Equal-Weight_D7: 0.1150310933564418
Equal-Weight_D8: 0.12917004273259702
Equal-Weight_D9: 0.14252861770617264
Equal-Weight_H-L: 0.22684162358039872
Value-Weight_D1: 0.0492264710483552
Value-Weight_D10: 0.08329669675198481
Value-Weight_D2: 0.055691118448535804
Value-Weight_D3: 0.05660931579181061
Value-Weight_D4: 0.06474491627562884
Value-Weight_D5: 0.05127643673742677
Value-Weight_D6: 0.06324310779179987
Value-Weight_D7: 0.0813518894337677
Value-Weight_D8: 0.07527660753539056
Value-Weight_D9: 0.07107625871255596
Value-Weight_H-L: 0.0325976715851668
