FN: 260384
FP: 393671
TN: 272360
TP: 467430
accuracy: 0.5307548642158508
f1: 0.588363766670227
loss: 0.6912312009891942
precision: 0.5428283214569092
recall: 0.6422382593154907
Sharpe_Ratio_Equal-Weight_D1: -0.24857073257039689
Sharpe_Ratio_Equal-Weight_D10: 0.9489220665927635
Sharpe_Ratio_Equal-Weight_D2: -0.001908503196264341
Sharpe_Ratio_Equal-Weight_D3: 0.1450869469813299
Sharpe_Ratio_Equal-Weight_D4: 0.20586817039370844
Sharpe_Ratio_Equal-Weight_D5: 0.34509456286015533
Sharpe_Ratio_Equal-Weight_D6: 0.42165560086664317
Sharpe_Ratio_Equal-Weight_D7: 0.5033085534493955
Sharpe_Ratio_Equal-Weight_D8: 0.5483019918402652
Sharpe_Ratio_Equal-Weight_D9: 0.6535575212951875
Sharpe_Ratio_Equal-Weight_H-L: 2.4984367084646544
Sharpe_Ratio_Value-Weight_D1: -0.020826696237890064
Sharpe_Ratio_Value-Weight_D10: 0.4652407410765449
Sharpe_Ratio_Value-Weight_D2: 0.09688746143956083
Sharpe_Ratio_Value-Weight_D3: 0.10264432234479125
Sharpe_Ratio_Value-Weight_D4: 0.16095612285004277
Sharpe_Ratio_Value-Weight_D5: 0.09850805192835937
Sharpe_Ratio_Value-Weight_D6: 0.31657040732405795
Sharpe_Ratio_Value-Weight_D7: 0.35148871492080924
Sharpe_Ratio_Value-Weight_D8: 0.30910845252248503
Sharpe_Ratio_Value-Weight_D9: 0.42004297064956186
Sharpe_Ratio_Value-Weight_H-L: 0.5776642942527133
Equal-Weight_D1: -0.03173839252313071
Equal-Weight_D10: 0.20489745766963563
Equal-Weight_D2: 0.019614545078070034
Equal-Weight_D3: 0.049606018038542476
Equal-Weight_D4: 0.06094603669858967
Equal-Weight_D5: 0.08820593969354729
Equal-Weight_D6: 0.10283174911923765
Equal-Weight_D7: 0.11749608657464106
Equal-Weight_D8: 0.12898382730596558
Equal-Weight_D9: 0.1487318687280088
Equal-Weight_H-L: 0.24370307370359678
Value-Weight_D1: 0.015888719917808825
Value-Weight_D10: 0.09946796087100584
Value-Weight_D2: 0.037255028764471065
Value-Weight_D3: 0.038330207819246676
Value-Weight_D4: 0.04861496215883121
Value-Weight_D5: 0.03787905874898989
Value-Weight_D6: 0.07494294708864513
Value-Weight_D7: 0.07909212091971773
Value-Weight_D8: 0.07304977761470544
Value-Weight_D9: 0.092681512570163
Value-Weight_H-L: 0.08237883280598801
