FN: 278015
FP: 378679
TN: 287352
TP: 449799
accuracy: 0.5288615226745605
f1: 0.5780393481254578
loss: 0.6918461578485996
precision: 0.5429220795631409
recall: 0.6180136799812317
Sharpe_Ratio_Equal-Weight_D1: -0.24823779630612675
Sharpe_Ratio_Equal-Weight_D10: 0.8672100838214698
Sharpe_Ratio_Equal-Weight_D2: 0.12574680675182734
Sharpe_Ratio_Equal-Weight_D3: 0.12769335335387874
Sharpe_Ratio_Equal-Weight_D4: 0.26295789253293667
Sharpe_Ratio_Equal-Weight_D5: 0.33969474129376903
Sharpe_Ratio_Equal-Weight_D6: 0.4016751390506589
Sharpe_Ratio_Equal-Weight_D7: 0.45358038031908177
Sharpe_Ratio_Equal-Weight_D8: 0.5444158634468717
Sharpe_Ratio_Equal-Weight_D9: 0.62576748323212
Sharpe_Ratio_Equal-Weight_H-L: 2.5535144805805583
Sharpe_Ratio_Value-Weight_D1: 0.10285209888736196
Sharpe_Ratio_Value-Weight_D10: 0.39748038875150343
Sharpe_Ratio_Value-Weight_D2: 0.18470039454142842
Sharpe_Ratio_Value-Weight_D3: 0.1669194386210577
Sharpe_Ratio_Value-Weight_D4: 0.2740619059730669
Sharpe_Ratio_Value-Weight_D5: 0.18941518034523408
Sharpe_Ratio_Value-Weight_D6: 0.2881170187030816
Sharpe_Ratio_Value-Weight_D7: 0.3162056852866279
Sharpe_Ratio_Value-Weight_D8: 0.2748127134716789
Sharpe_Ratio_Value-Weight_D9: 0.28769324495854176
Sharpe_Ratio_Value-Weight_H-L: 0.23561471724135535
Equal-Weight_D1: -0.0291394628016044
Equal-Weight_D10: 0.18354064052775199
Equal-Weight_D2: 0.04570703852920821
Equal-Weight_D3: 0.046394601661603474
Equal-Weight_D4: 0.07278821819442638
Equal-Weight_D5: 0.0883322587971358
Equal-Weight_D6: 0.10044018429040569
Equal-Weight_D7: 0.1111783374414066
Equal-Weight_D8: 0.1254620509507134
Equal-Weight_D9: 0.1407944645401955
Equal-Weight_H-L: 0.2185019578331242
Value-Weight_D1: 0.04038315054175157
Value-Weight_D10: 0.08576897181261889
Value-Weight_D2: 0.05393333167426406
Value-Weight_D3: 0.05025440724122787
Value-Weight_D4: 0.07104467141249748
Value-Weight_D5: 0.053685548441161135
Value-Weight_D6: 0.06970296582432867
Value-Weight_D7: 0.07539140135538736
Value-Weight_D8: 0.06691789894498901
Value-Weight_D9: 0.06856488613014733
Value-Weight_H-L: 0.043764146225311995
