FN: 470258
FP: 211196
TN: 454835
TP: 257556
accuracy: 0.5110977292060852
f1: 0.43049192428588867
loss: 0.6972357938121576
precision: 0.5494504570960999
recall: 0.35387611389160156
Sharpe_Ratio_Equal-Weight_D1: -0.17490176760583673
Sharpe_Ratio_Equal-Weight_D10: 0.8167206711931075
Sharpe_Ratio_Equal-Weight_D2: 0.0979622669304336
Sharpe_Ratio_Equal-Weight_D3: 0.1863383362793082
Sharpe_Ratio_Equal-Weight_D4: 0.26468053399545466
Sharpe_Ratio_Equal-Weight_D5: 0.34147621046201676
Sharpe_Ratio_Equal-Weight_D6: 0.377871964017285
Sharpe_Ratio_Equal-Weight_D7: 0.4768006095034629
Sharpe_Ratio_Equal-Weight_D8: 0.5586526345755587
Sharpe_Ratio_Equal-Weight_D9: 0.6111966387933728
Sharpe_Ratio_Equal-Weight_H-L: 2.0597254025478793
Sharpe_Ratio_Value-Weight_D1: 0.10461596124824417
Sharpe_Ratio_Value-Weight_D10: 0.4211214179589581
Sharpe_Ratio_Value-Weight_D2: 0.0328523906164887
Sharpe_Ratio_Value-Weight_D3: 0.1047372831769228
Sharpe_Ratio_Value-Weight_D4: 0.21854450128481354
Sharpe_Ratio_Value-Weight_D5: 0.2755572514129537
Sharpe_Ratio_Value-Weight_D6: 0.3557079207869524
Sharpe_Ratio_Value-Weight_D7: 0.25415714648709015
Sharpe_Ratio_Value-Weight_D8: 0.3924299499674353
Sharpe_Ratio_Value-Weight_D9: 0.4010375120641361
Sharpe_Ratio_Value-Weight_H-L: 0.2764499859548235
Equal-Weight_D1: -0.016939011398064974
Equal-Weight_D10: 0.16567082552686418
Equal-Weight_D2: 0.04051813411731198
Equal-Weight_D3: 0.05837693363060392
Equal-Weight_D4: 0.07313755054307358
Equal-Weight_D5: 0.08899341416728879
Equal-Weight_D6: 0.0959688902344007
Equal-Weight_D7: 0.11331016210262912
Equal-Weight_D8: 0.12750235850339653
Equal-Weight_D9: 0.13617110315651892
Equal-Weight_H-L: 0.1854844937993514
Value-Weight_D1: 0.04022334668906358
Value-Weight_D10: 0.0924346033905541
Value-Weight_D2: 0.02615036655395464
Value-Weight_D3: 0.039350755789411274
Value-Weight_D4: 0.058426313367872185
Value-Weight_D5: 0.0691182083016364
Value-Weight_D6: 0.07973483134251746
Value-Weight_D7: 0.06320020461532927
Value-Weight_D8: 0.08762291225863894
Value-Weight_D9: 0.0876363946034826
Value-Weight_H-L: 0.05035327286012947
