FN: 381604
FP: 283718
TN: 382313
TP: 346210
accuracy: 0.5226714611053467
f1: 0.5099790692329407
loss: 0.6923145255159892
precision: 0.5496025085449219
recall: 0.4756847321987152
Sharpe_Ratio_Equal-Weight_D1: -0.18910351370524692
Sharpe_Ratio_Equal-Weight_D10: 0.8634352115718525
Sharpe_Ratio_Equal-Weight_D2: 0.110609851170423
Sharpe_Ratio_Equal-Weight_D3: 0.15740698009130746
Sharpe_Ratio_Equal-Weight_D4: 0.2600143679519474
Sharpe_Ratio_Equal-Weight_D5: 0.31492656859473256
Sharpe_Ratio_Equal-Weight_D6: 0.3622788280504789
Sharpe_Ratio_Equal-Weight_D7: 0.44146310421815294
Sharpe_Ratio_Equal-Weight_D8: 0.5785333497641162
Sharpe_Ratio_Equal-Weight_D9: 0.6593564788306261
Sharpe_Ratio_Equal-Weight_H-L: 2.2183776129297654
Sharpe_Ratio_Value-Weight_D1: 0.15557706412675482
Sharpe_Ratio_Value-Weight_D10: 0.38173556622657484
Sharpe_Ratio_Value-Weight_D2: 0.21253057587562155
Sharpe_Ratio_Value-Weight_D3: 0.13211379908627296
Sharpe_Ratio_Value-Weight_D4: 0.19469903009903686
Sharpe_Ratio_Value-Weight_D5: 0.13852562138167596
Sharpe_Ratio_Value-Weight_D6: 0.19914885516818587
Sharpe_Ratio_Value-Weight_D7: 0.26501277989129063
Sharpe_Ratio_Value-Weight_D8: 0.35391817844744994
Sharpe_Ratio_Value-Weight_D9: 0.42211232841738733
Sharpe_Ratio_Value-Weight_H-L: 0.11693978363146591
Equal-Weight_D1: -0.020619907103095136
Equal-Weight_D10: 0.18253701774144404
Equal-Weight_D2: 0.04334350867458703
Equal-Weight_D3: 0.05192185053144405
Equal-Weight_D4: 0.07255283808592039
Equal-Weight_D5: 0.08303930716803087
Equal-Weight_D6: 0.09148992818184132
Equal-Weight_D7: 0.1048838818858524
Equal-Weight_D8: 0.13066115239964415
Equal-Weight_D9: 0.14477921385927583
Equal-Weight_H-L: 0.20706100302284702
Value-Weight_D1: 0.051217084938635304
Value-Weight_D10: 0.08577539314554028
Value-Weight_D2: 0.06173662121978252
Value-Weight_D3: 0.044008474731883185
Value-Weight_D4: 0.05454979334811072
Value-Weight_D5: 0.045116645307184955
Value-Weight_D6: 0.054965860952222334
Value-Weight_D7: 0.0649139135016299
Value-Weight_D8: 0.08054869913306195
Value-Weight_D9: 0.08860852397731755
Value-Weight_H-L: 0.03300710873640966
