FN: 266369
FP: 388229
TN: 277802
TP: 461445
accuracy: 0.5303652882575989
f1: 0.5850377082824707
loss: 0.691194569162721
precision: 0.5430847406387329
recall: 0.6340150237083435
Sharpe_Ratio_Equal-Weight_D1: -0.28782485284850695
Sharpe_Ratio_Equal-Weight_D10: 0.911129504543844
Sharpe_Ratio_Equal-Weight_D2: 0.025759672898056533
Sharpe_Ratio_Equal-Weight_D3: 0.16019884021633043
Sharpe_Ratio_Equal-Weight_D4: 0.26322596728580244
Sharpe_Ratio_Equal-Weight_D5: 0.320290033771145
Sharpe_Ratio_Equal-Weight_D6: 0.42243485229754163
Sharpe_Ratio_Equal-Weight_D7: 0.4570045273872806
Sharpe_Ratio_Equal-Weight_D8: 0.5790207666257844
Sharpe_Ratio_Equal-Weight_D9: 0.6791480671299858
Sharpe_Ratio_Equal-Weight_H-L: 2.710385609626742
Sharpe_Ratio_Value-Weight_D1: 0.047358220578791896
Sharpe_Ratio_Value-Weight_D10: 0.4852399765412031
Sharpe_Ratio_Value-Weight_D2: 0.12150770811622423
Sharpe_Ratio_Value-Weight_D3: 0.10390260613115058
Sharpe_Ratio_Value-Weight_D4: 0.23199219746777464
Sharpe_Ratio_Value-Weight_D5: 0.19498014894939153
Sharpe_Ratio_Value-Weight_D6: 0.11457017971991731
Sharpe_Ratio_Value-Weight_D7: 0.3030136062470016
Sharpe_Ratio_Value-Weight_D8: 0.3100196760190529
Sharpe_Ratio_Value-Weight_D9: 0.41632358656543406
Sharpe_Ratio_Value-Weight_H-L: 0.5174187645640667
Equal-Weight_D1: -0.039948782330627486
Equal-Weight_D10: 0.19828652829499416
Equal-Weight_D2: 0.025281362241476923
Equal-Weight_D3: 0.05209622851119522
Equal-Weight_D4: 0.07330134529042964
Equal-Weight_D5: 0.0821811203778764
Equal-Weight_D6: 0.10389997061520084
Equal-Weight_D7: 0.10968835086665951
Equal-Weight_D8: 0.13313293223761336
Equal-Weight_D9: 0.1515599204975655
Equal-Weight_H-L: 0.24726291124629718
Value-Weight_D1: 0.028850577721196924
Value-Weight_D10: 0.1043382475490946
Value-Weight_D2: 0.04210504686317118
Value-Weight_D3: 0.03881257067573207
Value-Weight_D4: 0.061355637736024704
Value-Weight_D5: 0.0534271912043327
Value-Weight_D6: 0.040154206371412426
Value-Weight_D7: 0.07055499348800875
Value-Weight_D8: 0.07388931105458574
Value-Weight_D9: 0.09264444056204946
Value-Weight_H-L: 0.07354215640992168
