FN: 392733
FP: 287153
TN: 378878
TP: 335081
accuracy: 0.5122226476669312
f1: 0.4963986575603485
loss: 0.7079937325760745
precision: 0.5385128259658813
recall: 0.4603937268257141
Sharpe_Ratio_Equal-Weight_D1: -0.05229843036308579
Sharpe_Ratio_Equal-Weight_D10: 0.6951490098563454
Sharpe_Ratio_Equal-Weight_D2: 0.1750352275333467
Sharpe_Ratio_Equal-Weight_D3: 0.17144274047512376
Sharpe_Ratio_Equal-Weight_D4: 0.30836421483959686
Sharpe_Ratio_Equal-Weight_D5: 0.37493966643405896
Sharpe_Ratio_Equal-Weight_D6: 0.3763529809262886
Sharpe_Ratio_Equal-Weight_D7: 0.4352551085389429
Sharpe_Ratio_Equal-Weight_D8: 0.45560310178980307
Sharpe_Ratio_Equal-Weight_D9: 0.5357149266518589
Sharpe_Ratio_Equal-Weight_H-L: 2.0485310725323393
Sharpe_Ratio_Value-Weight_D1: 0.041675981559551815
Sharpe_Ratio_Value-Weight_D10: 0.40198883517169204
Sharpe_Ratio_Value-Weight_D2: 0.07176155147555303
Sharpe_Ratio_Value-Weight_D3: 0.22801228210888883
Sharpe_Ratio_Value-Weight_D4: 0.25358950760215093
Sharpe_Ratio_Value-Weight_D5: 0.2647971779841626
Sharpe_Ratio_Value-Weight_D6: 0.19544708048435025
Sharpe_Ratio_Value-Weight_D7: 0.3426236745974186
Sharpe_Ratio_Value-Weight_D8: 0.35685060162708404
Sharpe_Ratio_Value-Weight_D9: 0.4182025767079869
Sharpe_Ratio_Value-Weight_H-L: 0.4750871762442547
Equal-Weight_D1: 0.00910310323362351
Equal-Weight_D10: 0.1515666207408044
Equal-Weight_D2: 0.05577696399958065
Equal-Weight_D3: 0.054087731418871465
Equal-Weight_D4: 0.08053813582526947
Equal-Weight_D5: 0.09564083983196703
Equal-Weight_D6: 0.09496642818293544
Equal-Weight_D7: 0.10483800073574345
Equal-Weight_D8: 0.10840807636561078
Equal-Weight_D9: 0.12325812719795648
Equal-Weight_H-L: 0.14128622125272572
Value-Weight_D1: 0.027765225566800167
Value-Weight_D10: 0.08717010226265054
Value-Weight_D2: 0.03307152873958885
Value-Weight_D3: 0.05996125110145223
Value-Weight_D4: 0.06385928328669599
Value-Weight_D5: 0.06579403733681444
Value-Weight_D6: 0.05368259224489225
Value-Weight_D7: 0.0792720575332655
Value-Weight_D8: 0.082707117966766
Value-Weight_D9: 0.09145049068795053
Value-Weight_H-L: 0.057929099371896164
