FN: 391645
FP: 276283
TN: 389748
TP: 336169
accuracy: 0.5208017826080322
f1: 0.5016452074050903
loss: 0.6923063437539517
precision: 0.5488903522491455
recall: 0.4618886113166809
Sharpe_Ratio_Equal-Weight_D1: -0.15465079645923438
Sharpe_Ratio_Equal-Weight_D10: 0.763864647589826
Sharpe_Ratio_Equal-Weight_D2: 0.11557219558160836
Sharpe_Ratio_Equal-Weight_D3: 0.20036064585276037
Sharpe_Ratio_Equal-Weight_D4: 0.2805289569737921
Sharpe_Ratio_Equal-Weight_D5: 0.320231868277909
Sharpe_Ratio_Equal-Weight_D6: 0.39287084631820846
Sharpe_Ratio_Equal-Weight_D7: 0.41381334454265134
Sharpe_Ratio_Equal-Weight_D8: 0.49686432298447114
Sharpe_Ratio_Equal-Weight_D9: 0.6279101495997541
Sharpe_Ratio_Equal-Weight_H-L: 1.9564575089516265
Sharpe_Ratio_Value-Weight_D1: 0.1960554990314809
Sharpe_Ratio_Value-Weight_D10: 0.43745650795836755
Sharpe_Ratio_Value-Weight_D2: 0.21829078963119442
Sharpe_Ratio_Value-Weight_D3: 0.18014471897518677
Sharpe_Ratio_Value-Weight_D4: 0.18631246902357262
Sharpe_Ratio_Value-Weight_D5: 0.2070272407312835
Sharpe_Ratio_Value-Weight_D6: 0.17680176434653236
Sharpe_Ratio_Value-Weight_D7: 0.2858215732823846
Sharpe_Ratio_Value-Weight_D8: 0.2527926460027002
Sharpe_Ratio_Value-Weight_D9: 0.30011999369246894
Sharpe_Ratio_Value-Weight_H-L: 0.17568822101012696
Equal-Weight_D1: -0.012022430047522348
Equal-Weight_D10: 0.173488314712825
Equal-Weight_D2: 0.04356068140462854
Equal-Weight_D3: 0.06008627211506612
Equal-Weight_D4: 0.07643217268311031
Equal-Weight_D5: 0.08351843925841718
Equal-Weight_D6: 0.09694423537271835
Equal-Weight_D7: 0.10082439185828829
Equal-Weight_D8: 0.11573352138953652
Equal-Weight_D9: 0.14379661472995342
Equal-Weight_H-L: 0.1875734169608203
Value-Weight_D1: 0.056676298431473926
Value-Weight_D10: 0.09606377827174395
Value-Weight_D2: 0.06057235895175217
Value-Weight_D3: 0.05269208738283093
Value-Weight_D4: 0.05372204282459436
Value-Weight_D5: 0.056656988917827666
Value-Weight_D6: 0.050714680934845546
Value-Weight_D7: 0.06917179923598682
Value-Weight_D8: 0.06334377015281856
Value-Weight_D9: 0.07161148884462265
Value-Weight_H-L: 0.03744110253055033
