FN: 335986
FP: 326482
TN: 339549
TP: 391828
accuracy: 0.5247190594673157
f1: 0.5419009327888489
loss: 0.6947929211193253
precision: 0.5454859137535095
recall: 0.5383628010749817
Sharpe_Ratio_Equal-Weight_D1: -0.2208642411868765
Sharpe_Ratio_Equal-Weight_D10: 0.8738124362741768
Sharpe_Ratio_Equal-Weight_D2: 0.025687197717057395
Sharpe_Ratio_Equal-Weight_D3: 0.21664508125842727
Sharpe_Ratio_Equal-Weight_D4: 0.26912393277329316
Sharpe_Ratio_Equal-Weight_D5: 0.3292984830790369
Sharpe_Ratio_Equal-Weight_D6: 0.3813029892045993
Sharpe_Ratio_Equal-Weight_D7: 0.44813077445603916
Sharpe_Ratio_Equal-Weight_D8: 0.5640101371170902
Sharpe_Ratio_Equal-Weight_D9: 0.6332791702777506
Sharpe_Ratio_Equal-Weight_H-L: 2.3560293046992147
Sharpe_Ratio_Value-Weight_D1: 0.10426738289022834
Sharpe_Ratio_Value-Weight_D10: 0.3878163051121428
Sharpe_Ratio_Value-Weight_D2: 0.23197904471826106
Sharpe_Ratio_Value-Weight_D3: 0.22151667425571278
Sharpe_Ratio_Value-Weight_D4: 0.20783659661457704
Sharpe_Ratio_Value-Weight_D5: 0.22896589392546973
Sharpe_Ratio_Value-Weight_D6: 0.28351977417980473
Sharpe_Ratio_Value-Weight_D7: 0.3126131812774445
Sharpe_Ratio_Value-Weight_D8: 0.3746927788443093
Sharpe_Ratio_Value-Weight_D9: 0.29276527976338274
Sharpe_Ratio_Value-Weight_H-L: 0.27487677071685485
Equal-Weight_D1: -0.025940573216371443
Equal-Weight_D10: 0.187862858360885
Equal-Weight_D2: 0.02520434908863667
Equal-Weight_D3: 0.06380468353996593
Equal-Weight_D4: 0.07370580622350853
Equal-Weight_D5: 0.08615051144158303
Equal-Weight_D6: 0.09647620928962009
Equal-Weight_D7: 0.10873504866375439
Equal-Weight_D8: 0.12844676465399196
Equal-Weight_D9: 0.1415145042489956
Equal-Weight_H-L: 0.21899709808394374
Value-Weight_D1: 0.03932570699900184
Value-Weight_D10: 0.08926138052873633
Value-Weight_D2: 0.060970351184948424
Value-Weight_D3: 0.060856333349724956
Value-Weight_D4: 0.05687081052259502
Value-Weight_D5: 0.05962048594667424
Value-Weight_D6: 0.06887596754135461
Value-Weight_D7: 0.07442200535798205
Value-Weight_D8: 0.08273088525754768
Value-Weight_D9: 0.06964708314861157
Value-Weight_H-L: 0.04819674319226519
