FN: 418843
FP: 251264
TN: 414767
TP: 308971
accuracy: 0.5192385315895081
f1: 0.479750394821167
loss: 0.6933893980185439
precision: 0.5515024662017822
recall: 0.4245191812515259
Sharpe_Ratio_Equal-Weight_D1: -0.197892209545348
Sharpe_Ratio_Equal-Weight_D10: 0.792304474555017
Sharpe_Ratio_Equal-Weight_D2: 0.07129776376774367
Sharpe_Ratio_Equal-Weight_D3: 0.25632427711840544
Sharpe_Ratio_Equal-Weight_D4: 0.3061414711936
Sharpe_Ratio_Equal-Weight_D5: 0.34680840599486973
Sharpe_Ratio_Equal-Weight_D6: 0.3732118049324475
Sharpe_Ratio_Equal-Weight_D7: 0.44933437731006565
Sharpe_Ratio_Equal-Weight_D8: 0.484471551866835
Sharpe_Ratio_Equal-Weight_D9: 0.6120773870841777
Sharpe_Ratio_Equal-Weight_H-L: 2.1794827379131734
Sharpe_Ratio_Value-Weight_D1: 0.1763015125637147
Sharpe_Ratio_Value-Weight_D10: 0.37037337003834525
Sharpe_Ratio_Value-Weight_D2: 0.21291262346937323
Sharpe_Ratio_Value-Weight_D3: 0.09193403096185232
Sharpe_Ratio_Value-Weight_D4: 0.255498804190118
Sharpe_Ratio_Value-Weight_D5: 0.3040548870196752
Sharpe_Ratio_Value-Weight_D6: 0.2515111110462202
Sharpe_Ratio_Value-Weight_D7: 0.20139844734100712
Sharpe_Ratio_Value-Weight_D8: 0.34526512500629103
Sharpe_Ratio_Value-Weight_D9: 0.26732867183863773
Sharpe_Ratio_Value-Weight_H-L: 0.09882683194014069
Equal-Weight_D1: -0.021159788274890956
Equal-Weight_D10: 0.17520911360974512
Equal-Weight_D2: 0.03457321552571324
Equal-Weight_D3: 0.07210680014241255
Equal-Weight_D4: 0.08158982520004354
Equal-Weight_D5: 0.08947797398551738
Equal-Weight_D6: 0.09381540777342057
Equal-Weight_D7: 0.10753324760073735
Equal-Weight_D8: 0.11466844766925965
Equal-Weight_D9: 0.13537131930806323
Equal-Weight_H-L: 0.20024431200655846
Value-Weight_D1: 0.054220578483398896
Value-Weight_D10: 0.08536568454839633
Value-Weight_D2: 0.05752476703786158
Value-Weight_D3: 0.03646414941061327
Value-Weight_D4: 0.06651660958002603
Value-Weight_D5: 0.07232717349582085
Value-Weight_D6: 0.06332120599409863
Value-Weight_D7: 0.05486182180214283
Value-Weight_D8: 0.07909285463048787
Value-Weight_D9: 0.0664609013709534
Value-Weight_H-L: 0.029668994414494554
