FN: 409891
FP: 258226
TN: 407805
TP: 317923
accuracy: 0.520666241645813
f1: 0.48762577772140503
loss: 0.6945476298425112
precision: 0.5518069267272949
recall: 0.43681901693344116
Sharpe_Ratio_Equal-Weight_D1: -0.2637474911264266
Sharpe_Ratio_Equal-Weight_D10: 0.7451243857528286
Sharpe_Ratio_Equal-Weight_D2: 0.06506497084656637
Sharpe_Ratio_Equal-Weight_D3: 0.2340164367313705
Sharpe_Ratio_Equal-Weight_D4: 0.3135029672751337
Sharpe_Ratio_Equal-Weight_D5: 0.37656667166989083
Sharpe_Ratio_Equal-Weight_D6: 0.43588890613630144
Sharpe_Ratio_Equal-Weight_D7: 0.5000110887549025
Sharpe_Ratio_Equal-Weight_D8: 0.5320121584247461
Sharpe_Ratio_Equal-Weight_D9: 0.5796473752369666
Sharpe_Ratio_Equal-Weight_H-L: 1.8978160102276593
Sharpe_Ratio_Value-Weight_D1: 0.12138998245018477
Sharpe_Ratio_Value-Weight_D10: 0.4079543664047914
Sharpe_Ratio_Value-Weight_D2: 0.14756480526009333
Sharpe_Ratio_Value-Weight_D3: 0.23401772838258186
Sharpe_Ratio_Value-Weight_D4: 0.16436136122266848
Sharpe_Ratio_Value-Weight_D5: 0.24662553176200766
Sharpe_Ratio_Value-Weight_D6: 0.2261811079503642
Sharpe_Ratio_Value-Weight_D7: 0.20899299058409118
Sharpe_Ratio_Value-Weight_D8: 0.37056906548238555
Sharpe_Ratio_Value-Weight_D9: 0.30729879448609676
Sharpe_Ratio_Value-Weight_H-L: 0.21567068594435218
Equal-Weight_D1: -0.03544425979255261
Equal-Weight_D10: 0.15725465891581436
Equal-Weight_D2: 0.03319895624258362
Equal-Weight_D3: 0.06757000817192904
Equal-Weight_D4: 0.0848728222659747
Equal-Weight_D5: 0.09550341409144214
Equal-Weight_D6: 0.1065223930781738
Equal-Weight_D7: 0.11866989120766314
Equal-Weight_D8: 0.12591183353790258
Equal-Weight_D9: 0.13021372171277434
Equal-Weight_H-L: 0.1991596310535917
Value-Weight_D1: 0.04352973784904135
Value-Weight_D10: 0.09017790518189117
Value-Weight_D2: 0.04765575281424517
Value-Weight_D3: 0.06239827209685922
Value-Weight_D4: 0.05014603239760884
Value-Weight_D5: 0.06402360746694802
Value-Weight_D6: 0.06020065433418886
Value-Weight_D7: 0.05642815179040306
Value-Weight_D8: 0.08389935698386064
Value-Weight_D9: 0.07138080079985931
Value-Weight_H-L: 0.0448567897922687
