FN: 428394
FP: 246128
TN: 419903
TP: 299420
accuracy: 0.5160710215568542
f1: 0.47028258442878723
loss: 0.6957519500043455
precision: 0.5488426089286804
recall: 0.411396324634552
Sharpe_Ratio_Equal-Weight_D1: -0.16490887526725503
Sharpe_Ratio_Equal-Weight_D10: 0.7956639075935696
Sharpe_Ratio_Equal-Weight_D2: 0.006132195847048082
Sharpe_Ratio_Equal-Weight_D3: 0.21917515736974272
Sharpe_Ratio_Equal-Weight_D4: 0.29314269736242016
Sharpe_Ratio_Equal-Weight_D5: 0.35094377280794375
Sharpe_Ratio_Equal-Weight_D6: 0.39130628795719613
Sharpe_Ratio_Equal-Weight_D7: 0.4328684233084255
Sharpe_Ratio_Equal-Weight_D8: 0.5400030113244287
Sharpe_Ratio_Equal-Weight_D9: 0.6255445557383021
Sharpe_Ratio_Equal-Weight_H-L: 2.161119425971481
Sharpe_Ratio_Value-Weight_D1: 0.09249515019019909
Sharpe_Ratio_Value-Weight_D10: 0.40168010844104635
Sharpe_Ratio_Value-Weight_D2: 0.20591076090518853
Sharpe_Ratio_Value-Weight_D3: 0.2439778582126278
Sharpe_Ratio_Value-Weight_D4: 0.09877018204022005
Sharpe_Ratio_Value-Weight_D5: 0.2082737030170638
Sharpe_Ratio_Value-Weight_D6: 0.23807314395006668
Sharpe_Ratio_Value-Weight_D7: 0.3492786966085191
Sharpe_Ratio_Value-Weight_D8: 0.3570161170629051
Sharpe_Ratio_Value-Weight_D9: 0.29884234994575465
Sharpe_Ratio_Value-Weight_H-L: 0.3158633406636515
Equal-Weight_D1: -0.01341856985573453
Equal-Weight_D10: 0.17156431961650642
Equal-Weight_D2: 0.021244075091391146
Equal-Weight_D3: 0.06479460825505212
Equal-Weight_D4: 0.07907960543911119
Equal-Weight_D5: 0.09032134641271838
Equal-Weight_D6: 0.09742965068240417
Equal-Weight_D7: 0.10532723637778907
Equal-Weight_D8: 0.1255766130420144
Equal-Weight_D9: 0.141633805256129
Equal-Weight_H-L: 0.18728167626643555
Value-Weight_D1: 0.03711112124171012
Value-Weight_D10: 0.09022918273928027
Value-Weight_D2: 0.058350720765514064
Value-Weight_D3: 0.06428468789100128
Value-Weight_D4: 0.03784622358940459
Value-Weight_D5: 0.05550377637076842
Value-Weight_D6: 0.06118621402277391
Value-Weight_D7: 0.08051473161462641
Value-Weight_D8: 0.08041776031856962
Value-Weight_D9: 0.0718666560564254
Value-Weight_H-L: 0.05136910787953908
