FN: 275740
FP: 379947
TN: 286084
TP: 452074
accuracy: 0.5295839905738831
f1: 0.5796433687210083
loss: 0.6913095714282451
precision: 0.5433444380760193
recall: 0.6211394667625427
Sharpe_Ratio_Equal-Weight_D1: -0.22986582013816292
Sharpe_Ratio_Equal-Weight_D10: 0.739994425673719
Sharpe_Ratio_Equal-Weight_D2: 0.12118077449141915
Sharpe_Ratio_Equal-Weight_D3: 0.2249684664229343
Sharpe_Ratio_Equal-Weight_D4: 0.3077225734937162
Sharpe_Ratio_Equal-Weight_D5: 0.3877593514117107
Sharpe_Ratio_Equal-Weight_D6: 0.4103026138527303
Sharpe_Ratio_Equal-Weight_D7: 0.46864523702946187
Sharpe_Ratio_Equal-Weight_D8: 0.5205429699341967
Sharpe_Ratio_Equal-Weight_D9: 0.5838284593157853
Sharpe_Ratio_Equal-Weight_H-L: 1.8494239271733734
Sharpe_Ratio_Value-Weight_D1: 0.12143027420591873
Sharpe_Ratio_Value-Weight_D10: 0.3086911396366335
Sharpe_Ratio_Value-Weight_D2: 0.23715189408581003
Sharpe_Ratio_Value-Weight_D3: 0.16039320821801947
Sharpe_Ratio_Value-Weight_D4: 0.22962790583512446
Sharpe_Ratio_Value-Weight_D5: 0.21009189356298397
Sharpe_Ratio_Value-Weight_D6: 0.2480531927928715
Sharpe_Ratio_Value-Weight_D7: 0.4447767654542475
Sharpe_Ratio_Value-Weight_D8: 0.3802078945767964
Sharpe_Ratio_Value-Weight_D9: 0.24085755627008285
Sharpe_Ratio_Value-Weight_H-L: 0.05968336659493379
Equal-Weight_D1: -0.028957483941937756
Equal-Weight_D10: 0.1550544599416046
Equal-Weight_D2: 0.045346672571443314
Equal-Weight_D3: 0.06631878269297165
Equal-Weight_D4: 0.0828704005201053
Equal-Weight_D5: 0.0972455468244926
Equal-Weight_D6: 0.10113730880180327
Equal-Weight_D7: 0.11169295582602246
Equal-Weight_D8: 0.12168377293916932
Equal-Weight_D9: 0.13017593141963735
Equal-Weight_H-L: 0.1890219199825065
Value-Weight_D1: 0.04359386866745729
Value-Weight_D10: 0.07075162593083628
Value-Weight_D2: 0.06745237160683937
Value-Weight_D3: 0.050542512447220744
Value-Weight_D4: 0.06107519152020524
Value-Weight_D5: 0.057581355016115054
Value-Weight_D6: 0.06417500737823945
Value-Weight_D7: 0.09615784702468044
Value-Weight_D8: 0.0837080742476195
Value-Weight_D9: 0.06123728319385369
Value-Weight_H-L: 0.026112630530519043
