FN: 372689
FP: 298643
TN: 367388
TP: 355125
accuracy: 0.5183596611022949
f1: 0.5140845775604248
loss: 0.6959899913261508
precision: 0.5431972742080688
recall: 0.4879337251186371
Sharpe_Ratio_Equal-Weight_D1: -0.13247516632340225
Sharpe_Ratio_Equal-Weight_D10: 0.642457278353466
Sharpe_Ratio_Equal-Weight_D2: 0.12529100277420535
Sharpe_Ratio_Equal-Weight_D3: 0.22427043634113428
Sharpe_Ratio_Equal-Weight_D4: 0.3169635679738155
Sharpe_Ratio_Equal-Weight_D5: 0.3911683252029417
Sharpe_Ratio_Equal-Weight_D6: 0.3777933071807819
Sharpe_Ratio_Equal-Weight_D7: 0.465081022029185
Sharpe_Ratio_Equal-Weight_D8: 0.4930558001300601
Sharpe_Ratio_Equal-Weight_D9: 0.5700155132061365
Sharpe_Ratio_Equal-Weight_H-L: 1.7230436293499614
Sharpe_Ratio_Value-Weight_D1: 0.1493156992446797
Sharpe_Ratio_Value-Weight_D10: 0.31197280845529585
Sharpe_Ratio_Value-Weight_D2: 0.19260435588734418
Sharpe_Ratio_Value-Weight_D3: 0.17283242699083204
Sharpe_Ratio_Value-Weight_D4: 0.34144220821875615
Sharpe_Ratio_Value-Weight_D5: 0.24125236085603818
Sharpe_Ratio_Value-Weight_D6: 0.23595088188651436
Sharpe_Ratio_Value-Weight_D7: 0.25803669594072176
Sharpe_Ratio_Value-Weight_D8: 0.23919927976548552
Sharpe_Ratio_Value-Weight_D9: 0.37435284416721676
Sharpe_Ratio_Value-Weight_H-L: 0.017089205213965147
Equal-Weight_D1: -0.0073578965565839205
Equal-Weight_D10: 0.14125148869752668
Equal-Weight_D2: 0.04535545280521602
Equal-Weight_D3: 0.06596337057992208
Equal-Weight_D4: 0.0832831840593955
Equal-Weight_D5: 0.09808536328872286
Equal-Weight_D6: 0.0948716409054795
Equal-Weight_D7: 0.11184214862163055
Equal-Weight_D8: 0.1160945659794681
Equal-Weight_D9: 0.13016844143092055
Equal-Weight_H-L: 0.14961748070169323
Value-Weight_D1: 0.048698132986072507
Value-Weight_D10: 0.07138645511674224
Value-Weight_D2: 0.05681504009193028
Value-Weight_D3: 0.05130294889823683
Value-Weight_D4: 0.08247261638970516
Value-Weight_D5: 0.06266143846372296
Value-Weight_D6: 0.06132356789910598
Value-Weight_D7: 0.06320955232202485
Value-Weight_D8: 0.06157876231804704
Value-Weight_D9: 0.08397195771664756
Value-Weight_H-L: 0.0217173604685581
