FN: 255698
FP: 393248
TN: 272783
TP: 472116
accuracy: 0.5344202518463135
f1: 0.5926719903945923
loss: 0.6896586320080194
precision: 0.5455692410469055
recall: 0.6486766934394836
Sharpe_Ratio_Equal-Weight_D1: -0.4649435790711391
Sharpe_Ratio_Equal-Weight_D10: 0.930615097532458
Sharpe_Ratio_Equal-Weight_D2: 0.03496185195720405
Sharpe_Ratio_Equal-Weight_D3: 0.16223328677598928
Sharpe_Ratio_Equal-Weight_D4: 0.2572323842583569
Sharpe_Ratio_Equal-Weight_D5: 0.33239559316490636
Sharpe_Ratio_Equal-Weight_D6: 0.41009133500942907
Sharpe_Ratio_Equal-Weight_D7: 0.4977868576021308
Sharpe_Ratio_Equal-Weight_D8: 0.618624950277645
Sharpe_Ratio_Equal-Weight_D9: 0.6947970956958315
Sharpe_Ratio_Equal-Weight_H-L: 2.702599462543379
Sharpe_Ratio_Value-Weight_D1: 0.03672760682749187
Sharpe_Ratio_Value-Weight_D10: 0.43309131337403467
Sharpe_Ratio_Value-Weight_D2: 0.06989200637685362
Sharpe_Ratio_Value-Weight_D3: 0.15753782717913042
Sharpe_Ratio_Value-Weight_D4: 0.12586455550134193
Sharpe_Ratio_Value-Weight_D5: 0.1666506787857079
Sharpe_Ratio_Value-Weight_D6: 0.17859440576048052
Sharpe_Ratio_Value-Weight_D7: 0.3035597258592559
Sharpe_Ratio_Value-Weight_D8: 0.35950399550021794
Sharpe_Ratio_Value-Weight_D9: 0.44434865210227487
Sharpe_Ratio_Value-Weight_H-L: 0.40881371264384003
Equal-Weight_D1: -0.0704795408530271
Equal-Weight_D10: 0.20282395178071355
Equal-Weight_D2: 0.02701086498855787
Equal-Weight_D3: 0.052280607511564936
Equal-Weight_D4: 0.07189689923535747
Equal-Weight_D5: 0.08673852507676139
Equal-Weight_D6: 0.10350126156980677
Equal-Weight_D7: 0.12068809313740703
Equal-Weight_D8: 0.14292365778637772
Equal-Weight_D9: 0.1576104234995852
Equal-Weight_H-L: 0.2921180891044064
Value-Weight_D1: 0.026459104552135182
Value-Weight_D10: 0.09504870719626646
Value-Weight_D2: 0.03282930263872852
Value-Weight_D3: 0.04810461213485606
Value-Weight_D4: 0.042883363555165976
Value-Weight_D5: 0.049483787182246886
Value-Weight_D6: 0.052025691826789844
Value-Weight_D7: 0.07280471868386917
Value-Weight_D8: 0.08073655553114256
Value-Weight_D9: 0.09606137900004752
Value-Weight_H-L: 0.06696437792956123
