FN: 260384
FP: 393671
TN: 272360
TP: 467430
accuracy: 0.5307548642158508
f1: 0.588363766670227
loss: 0.6912312009891942
precision: 0.5428283214569092
recall: 0.6422382593154907
Sharpe_Ratio_Equal-Weight_D1: -0.2725926165571547
Sharpe_Ratio_Equal-Weight_D10: 0.9232613009296616
Sharpe_Ratio_Equal-Weight_D2: -0.026665006326494146
Sharpe_Ratio_Equal-Weight_D3: 0.12058399849422687
Sharpe_Ratio_Equal-Weight_D4: 0.18072920860491104
Sharpe_Ratio_Equal-Weight_D5: 0.31979657822636226
Sharpe_Ratio_Equal-Weight_D6: 0.3962030657366858
Sharpe_Ratio_Equal-Weight_D7: 0.47749682237729385
Sharpe_Ratio_Equal-Weight_D8: 0.5231467919636386
Sharpe_Ratio_Equal-Weight_D9: 0.6281730719061999
Sharpe_Ratio_Equal-Weight_H-L: 2.4425940088740568
Sharpe_Ratio_Value-Weight_D1: -0.046155420894846706
Sharpe_Ratio_Value-Weight_D10: 0.43596852017284426
Sharpe_Ratio_Value-Weight_D2: 0.06881232381966396
Sharpe_Ratio_Value-Weight_D3: 0.07464564296347649
Sharpe_Ratio_Value-Weight_D4: 0.1328316539172107
Sharpe_Ratio_Value-Weight_D5: 0.07095960731744697
Sharpe_Ratio_Value-Weight_D6: 0.28776139505781545
Sharpe_Ratio_Value-Weight_D7: 0.3217479720391702
Sharpe_Ratio_Value-Weight_D8: 0.27997464024079133
Sharpe_Ratio_Value-Weight_D9: 0.3911468349063718
Sharpe_Ratio_Value-Weight_H-L: 0.5313613844139402
Equal-Weight_D1: -0.03173839252313071
Equal-Weight_D10: 0.20489745766963563
Equal-Weight_D2: 0.019614545078070034
Equal-Weight_D3: 0.049606018038542476
Equal-Weight_D4: 0.06094603669858967
Equal-Weight_D5: 0.08820593969354729
Equal-Weight_D6: 0.10283174911923765
Equal-Weight_D7: 0.11749608657464106
Equal-Weight_D8: 0.12898382730596558
Equal-Weight_D9: 0.1487318687280088
Equal-Weight_H-L: 0.24370307370359678
Value-Weight_D1: 0.015888719917808825
Value-Weight_D10: 0.09946796087100584
Value-Weight_D2: 0.037255028764471065
Value-Weight_D3: 0.038330207819246676
Value-Weight_D4: 0.04861496215883121
Value-Weight_D5: 0.03787905874898989
Value-Weight_D6: 0.07494294708864513
Value-Weight_D7: 0.07909212091971773
Value-Weight_D8: 0.07304977761470544
Value-Weight_D9: 0.092681512570163
Value-Weight_H-L: 0.08237883280598801
