FN: 257317
FP: 399503
TN: 266528
TP: 470497
accuracy: 0.528771162033081
f1: 0.588925838470459
loss: 0.6916491408312573
precision: 0.5408011674880981
recall: 0.6464522480964661
Sharpe_Ratio_Equal-Weight_D1: -0.05272015274764744
Sharpe_Ratio_Equal-Weight_D10: 0.6122907476874907
Sharpe_Ratio_Equal-Weight_D2: 0.15890327641793514
Sharpe_Ratio_Equal-Weight_D3: 0.2051379983433787
Sharpe_Ratio_Equal-Weight_D4: 0.2881401232761578
Sharpe_Ratio_Equal-Weight_D5: 0.33695148227534083
Sharpe_Ratio_Equal-Weight_D6: 0.3835353893624153
Sharpe_Ratio_Equal-Weight_D7: 0.41721881257031995
Sharpe_Ratio_Equal-Weight_D8: 0.43806972700988883
Sharpe_Ratio_Equal-Weight_D9: 0.543674811611982
Sharpe_Ratio_Equal-Weight_H-L: 0.7541971375469586
Sharpe_Ratio_Value-Weight_D1: 0.11393578108316861
Sharpe_Ratio_Value-Weight_D10: 0.37993643400668475
Sharpe_Ratio_Value-Weight_D2: 0.19463714104004579
Sharpe_Ratio_Value-Weight_D3: 0.1763732789824282
Sharpe_Ratio_Value-Weight_D4: 0.17616290852931268
Sharpe_Ratio_Value-Weight_D5: 0.3216305443471072
Sharpe_Ratio_Value-Weight_D6: 0.2393724320512147
Sharpe_Ratio_Value-Weight_D7: 0.26373261397100856
Sharpe_Ratio_Value-Weight_D8: 0.2508542523512237
Sharpe_Ratio_Value-Weight_D9: 0.23849987937994874
Sharpe_Ratio_Value-Weight_H-L: 0.12035840314694855
Equal-Weight_D1: 0.012482597019218167
Equal-Weight_D10: 0.12530586462321391
Equal-Weight_D2: 0.06005220084824736
Equal-Weight_D3: 0.06865841925814253
Equal-Weight_D4: 0.08376416631602424
Equal-Weight_D5: 0.09269414677437648
Equal-Weight_D6: 0.10101256110652646
Equal-Weight_D7: 0.10471720704589682
Equal-Weight_D8: 0.10561675821337047
Equal-Weight_D9: 0.12206435568217455
Equal-Weight_H-L: 0.11154749008779952
Value-Weight_D1: 0.04784077627710692
Value-Weight_D10: 0.0877287929213888
Value-Weight_D2: 0.06327852885349139
Value-Weight_D3: 0.05635725901555988
Value-Weight_D4: 0.057330695247835184
Value-Weight_D5: 0.0833709103722935
Value-Weight_D6: 0.0684752666102677
Value-Weight_D7: 0.07079514938439324
Value-Weight_D8: 0.06707711938153116
Value-Weight_D9: 0.06603193768640936
Value-Weight_H-L: 0.038210769413534296
