FN: 298166
FP: 357958
TN: 308073
TP: 429648
accuracy: 0.5292704701423645
f1: 0.5670348405838013
loss: 0.6936785824825208
precision: 0.5455113053321838
recall: 0.5903266668319702
Sharpe_Ratio_Equal-Weight_D1: -0.4142882016934532
Sharpe_Ratio_Equal-Weight_D10: 0.9145929785927002
Sharpe_Ratio_Equal-Weight_D2: -0.016887814715019465
Sharpe_Ratio_Equal-Weight_D3: 0.09891922032787684
Sharpe_Ratio_Equal-Weight_D4: 0.2167684845983829
Sharpe_Ratio_Equal-Weight_D5: 0.3026037667411963
Sharpe_Ratio_Equal-Weight_D6: 0.34876127663600015
Sharpe_Ratio_Equal-Weight_D7: 0.4768793734698738
Sharpe_Ratio_Equal-Weight_D8: 0.5270534379819611
Sharpe_Ratio_Equal-Weight_D9: 0.600253623634525
Sharpe_Ratio_Equal-Weight_H-L: 2.4538053438073395
Sharpe_Ratio_Value-Weight_D1: 0.09136550830206322
Sharpe_Ratio_Value-Weight_D10: 0.3708194332458689
Sharpe_Ratio_Value-Weight_D2: 0.1288359996491175
Sharpe_Ratio_Value-Weight_D3: 0.14427841847235157
Sharpe_Ratio_Value-Weight_D4: 0.13031004925872933
Sharpe_Ratio_Value-Weight_D5: 0.14927452824269555
Sharpe_Ratio_Value-Weight_D6: 0.22801000937549623
Sharpe_Ratio_Value-Weight_D7: 0.3149498255074808
Sharpe_Ratio_Value-Weight_D8: 0.27359417070001757
Sharpe_Ratio_Value-Weight_D9: 0.3948588868030887
Sharpe_Ratio_Value-Weight_H-L: 0.23574566929469046
Equal-Weight_D1: -0.04967988651564781
Equal-Weight_D10: 0.2234229954257545
Equal-Weight_D2: 0.02180683414809126
Equal-Weight_D3: 0.044207124648306007
Equal-Weight_D4: 0.06760539225229678
Equal-Weight_D5: 0.08585297031601513
Equal-Weight_D6: 0.09575246936767678
Equal-Weight_D7: 0.12207496422766217
Equal-Weight_D8: 0.13368985307122405
Equal-Weight_D9: 0.14896947036203234
Equal-Weight_H-L: 0.2860810351247358
Value-Weight_D1: 0.04021685582343659
Value-Weight_D10: 0.09400616358920932
Value-Weight_D2: 0.047450698187346596
Value-Weight_D3: 0.05006556330730594
Value-Weight_D4: 0.04733510816028619
Value-Weight_D5: 0.05194767496761821
Value-Weight_D6: 0.06454921495765942
Value-Weight_D7: 0.07808424934821767
Value-Weight_D8: 0.07152864152904459
Value-Weight_D9: 0.09595302395641281
Value-Weight_H-L: 0.051875574559340665
