FN: 252278
FP: 415142
TN: 273841
TP: 458672
accuracy: 0.5232486128807068
f1: 0.578852117061615
loss: 0.6932349748499518
precision: 0.5249080657958984
recall: 0.6451536417007446
Sharpe_Ratio_Equal-Weight_D1: -0.19137453744907315
Sharpe_Ratio_Equal-Weight_D10: 0.8000138176531848
Sharpe_Ratio_Equal-Weight_D2: 0.09893817383786317
Sharpe_Ratio_Equal-Weight_D3: 0.1375851839100154
Sharpe_Ratio_Equal-Weight_D4: 0.29369900674149485
Sharpe_Ratio_Equal-Weight_D5: 0.3828975610412002
Sharpe_Ratio_Equal-Weight_D6: 0.4439064448301678
Sharpe_Ratio_Equal-Weight_D7: 0.46452821629366015
Sharpe_Ratio_Equal-Weight_D8: 0.4304219698684321
Sharpe_Ratio_Equal-Weight_D9: 0.6414710292544056
Sharpe_Ratio_Equal-Weight_H-L: 1.2776294169742581
Sharpe_Ratio_Value-Weight_D1: -0.10371266861011673
Sharpe_Ratio_Value-Weight_D10: 0.35668861980122796
Sharpe_Ratio_Value-Weight_D2: 0.017521377915064376
Sharpe_Ratio_Value-Weight_D3: 0.008350199813269255
Sharpe_Ratio_Value-Weight_D4: 0.01591484785627602
Sharpe_Ratio_Value-Weight_D5: 0.15352081223442235
Sharpe_Ratio_Value-Weight_D6: 0.2782536045610897
Sharpe_Ratio_Value-Weight_D7: 0.3171552898023251
Sharpe_Ratio_Value-Weight_D8: 0.4097749384395662
Sharpe_Ratio_Value-Weight_D9: 0.14945896878399248
Sharpe_Ratio_Value-Weight_H-L: 0.5150226626180235
Equal-Weight_D1: -0.0230641061527056
Equal-Weight_D10: 0.16058591458511695
Equal-Weight_D2: 0.04801633798128213
Equal-Weight_D3: 0.05590187012271097
Equal-Weight_D4: 0.08893722961041606
Equal-Weight_D5: 0.10727677518185597
Equal-Weight_D6: 0.11832914870243383
Equal-Weight_D7: 0.12042193368791976
Equal-Weight_D8: 0.110398437655985
Equal-Weight_D9: 0.1480036374185003
Equal-Weight_H-L: 0.18789118606446586
Value-Weight_D1: 0.0023151699927981273
Value-Weight_D10: 0.08624773538778507
Value-Weight_D2: 0.02879824282613619
Value-Weight_D3: 0.026670233677258848
Value-Weight_D4: 0.028161593365288784
Value-Weight_D5: 0.055352841241440576
Value-Weight_D6: 0.07915284798081235
Value-Weight_D7: 0.08692843067145195
Value-Weight_D8: 0.1022513917883845
Value-Weight_D9: 0.05313091044925522
Value-Weight_H-L: 0.08374269171432802
