FN: 255200
FP: 409117
TN: 279866
TP: 455750
accuracy: 0.5254651308059692
f1: 0.5784301161766052
loss: 0.6926323800326348
precision: 0.5269596576690674
recall: 0.6410436630249023
Sharpe_Ratio_Equal-Weight_D1: -0.9866202875997613
Sharpe_Ratio_Equal-Weight_D10: 1.8763795742240852
Sharpe_Ratio_Equal-Weight_D2: -0.4148433031851192
Sharpe_Ratio_Equal-Weight_D3: -0.07000247930215382
Sharpe_Ratio_Equal-Weight_D4: 0.05176761618983416
Sharpe_Ratio_Equal-Weight_D5: 0.29946773070701305
Sharpe_Ratio_Equal-Weight_D6: 0.44095839865847325
Sharpe_Ratio_Equal-Weight_D7: 0.6592602822553163
Sharpe_Ratio_Equal-Weight_D8: 0.7072025540705863
Sharpe_Ratio_Equal-Weight_D9: 1.086179028112973
Sharpe_Ratio_Equal-Weight_H-L: 6.800681758423529
Sharpe_Ratio_Value-Weight_D1: -0.5076923696726992
Sharpe_Ratio_Value-Weight_D10: 0.8051477332182253
Sharpe_Ratio_Value-Weight_D2: -0.4021227979953522
Sharpe_Ratio_Value-Weight_D3: -0.15359830674944402
Sharpe_Ratio_Value-Weight_D4: -0.12309083361398364
Sharpe_Ratio_Value-Weight_D5: 0.025966912733380778
Sharpe_Ratio_Value-Weight_D6: 0.15260853345072672
Sharpe_Ratio_Value-Weight_D7: 0.3697070933496761
Sharpe_Ratio_Value-Weight_D8: 0.4190271229506938
Sharpe_Ratio_Value-Weight_D9: 0.43674268929500903
Sharpe_Ratio_Value-Weight_H-L: 2.3357284784992887
Equal-Weight_D1: -0.18528293991451872
Equal-Weight_D10: 0.4451608889362335
Equal-Weight_D2: -0.06184418803406044
Equal-Weight_D3: 0.010189749306686924
Equal-Weight_D4: 0.03581178367171267
Equal-Weight_D5: 0.08697755320145473
Equal-Weight_D6: 0.11772832952587975
Equal-Weight_D7: 0.16253787918332852
Equal-Weight_D8: 0.17594795317332612
Equal-Weight_D9: 0.2562152896856964
Equal-Weight_H-L: 0.7697223472385166
Value-Weight_D1: -0.08416223118082766
Value-Weight_D10: 0.1737915692519214
Value-Weight_D2: -0.055622492479158736
Value-Weight_D3: -0.005453853149083088
Value-Weight_D4: 0.0013370194158544013
Value-Weight_D5: 0.030283060598824463
Value-Weight_D6: 0.0542116688384604
Value-Weight_D7: 0.09437922435307122
Value-Weight_D8: 0.10482665489879506
Value-Weight_D9: 0.10523661713299193
Value-Weight_H-L: 0.2811060033519135
