FN: 286863
FP: 366446
TN: 322537
TP: 424087
accuracy: 0.5333283543586731
f1: 0.5648908019065857
loss: 0.6920951790876861
precision: 0.5364570617675781
recall: 0.5965074896812439
Sharpe_Ratio_Equal-Weight_D1: -1.8383317944133626
Sharpe_Ratio_Equal-Weight_D10: 2.2785327219779763
Sharpe_Ratio_Equal-Weight_D2: -0.6691585426330697
Sharpe_Ratio_Equal-Weight_D3: -0.14305955708908677
Sharpe_Ratio_Equal-Weight_D4: 0.05199240697292093
Sharpe_Ratio_Equal-Weight_D5: 0.35331630238453726
Sharpe_Ratio_Equal-Weight_D6: 0.473353209864153
Sharpe_Ratio_Equal-Weight_D7: 0.6862014731726809
Sharpe_Ratio_Equal-Weight_D8: 1.0029409463407584
Sharpe_Ratio_Equal-Weight_D9: 1.3492824098393323
Sharpe_Ratio_Equal-Weight_H-L: 10.09875921520259
Sharpe_Ratio_Value-Weight_D1: -0.8770797487512619
Sharpe_Ratio_Value-Weight_D10: 0.9332057398234768
Sharpe_Ratio_Value-Weight_D2: -0.4301937026526422
Sharpe_Ratio_Value-Weight_D3: -0.3454152260588298
Sharpe_Ratio_Value-Weight_D4: -0.18974988469568538
Sharpe_Ratio_Value-Weight_D5: -0.030807506891129356
Sharpe_Ratio_Value-Weight_D6: 0.0599996465451547
Sharpe_Ratio_Value-Weight_D7: 0.2824929342482291
Sharpe_Ratio_Value-Weight_D8: 0.3268079457296877
Sharpe_Ratio_Value-Weight_D9: 0.6263029834846241
Sharpe_Ratio_Value-Weight_H-L: 3.3176001626481697
Equal-Weight_D1: -0.31081338982576356
Equal-Weight_D10: 0.5657839977071784
Equal-Weight_D2: -0.10505128683006593
Equal-Weight_D3: -0.004637548369354372
Equal-Weight_D4: 0.03584637269535884
Equal-Weight_D5: 0.09933646356642956
Equal-Weight_D6: 0.12643719575271217
Equal-Weight_D7: 0.17656295607506078
Equal-Weight_D8: 0.24622607295511068
Equal-Weight_D9: 0.3309021185131129
Equal-Weight_H-L: 1.2583619192046842
Value-Weight_D1: -0.13810237763120903
Value-Weight_D10: 0.20389345514993407
Value-Weight_D2: -0.056999077697628686
Value-Weight_D3: -0.041184337421128925
Value-Weight_D4: -0.011019680727355596
Value-Weight_D5: 0.018946841167192474
Value-Weight_D6: 0.03666223886104891
Value-Weight_D7: 0.07851198781014812
Value-Weight_D8: 0.08910799189544649
Value-Weight_D9: 0.14461354767089651
Value-Weight_H-L: 0.39542482973237236
