FN: 261403
FP: 376550
TN: 255391
TP: 482871
accuracy: 0.5364437699317932
f1: 0.60219806432724
loss: 0.6898326070322034
precision: 0.5618561506271362
recall: 0.6487812399864197
Sharpe_Ratio_Equal-Weight_D1: 0.13500849292173056
Sharpe_Ratio_Equal-Weight_D10: 0.5014778427781504
Sharpe_Ratio_Equal-Weight_D2: 0.23694529579293616
Sharpe_Ratio_Equal-Weight_D3: 0.27413143359333786
Sharpe_Ratio_Equal-Weight_D4: 0.3204683737415867
Sharpe_Ratio_Equal-Weight_D5: 0.3322118137302274
Sharpe_Ratio_Equal-Weight_D6: 0.3726793378411144
Sharpe_Ratio_Equal-Weight_D7: 0.38534681232184886
Sharpe_Ratio_Equal-Weight_D8: 0.4158255719423951
Sharpe_Ratio_Equal-Weight_D9: 0.4312118562745055
Sharpe_Ratio_Equal-Weight_H-L: 0.2109964595187601
Sharpe_Ratio_Value-Weight_D1: 0.22294085164947322
Sharpe_Ratio_Value-Weight_D10: 0.37836689174681404
Sharpe_Ratio_Value-Weight_D2: 0.2711791268309408
Sharpe_Ratio_Value-Weight_D3: 0.30478368022612257
Sharpe_Ratio_Value-Weight_D4: 0.28294560236401234
Sharpe_Ratio_Value-Weight_D5: 0.29144737850714414
Sharpe_Ratio_Value-Weight_D6: 0.2869025727595939
Sharpe_Ratio_Value-Weight_D7: 0.21554460466628425
Sharpe_Ratio_Value-Weight_D8: 0.29167525877987815
Sharpe_Ratio_Value-Weight_D9: 0.24777863223802166
Sharpe_Ratio_Value-Weight_H-L: -0.10599547915849261
Equal-Weight_D1: 0.06115945368751152
Equal-Weight_D10: 0.11556832446671406
Equal-Weight_D2: 0.08251112598237142
Equal-Weight_D3: 0.08941584936159197
Equal-Weight_D4: 0.09662703348468571
Equal-Weight_D5: 0.0966011838158729
Equal-Weight_D6: 0.10489438966834341
Equal-Weight_D7: 0.10307040424268621
Equal-Weight_D8: 0.10654977232621166
Equal-Weight_D9: 0.10918142380379448
Equal-Weight_H-L: 0.052017032911041206
Value-Weight_D1: 0.07211309024348855
Value-Weight_D10: 0.08621454038389653
Value-Weight_D2: 0.07677998170142208
Value-Weight_D3: 0.08118078745013446
Value-Weight_D4: 0.0769804549894928
Value-Weight_D5: 0.07601101006135336
Value-Weight_D6: 0.07710245884865152
Value-Weight_D7: 0.06290063620501596
Value-Weight_D8: 0.07475859933059215
Value-Weight_D9: 0.06639224365764407
Value-Weight_H-L: 0.013373944049717146
