FN: 312028
FP: 347085
TN: 284856
TP: 432246
accuracy: 0.521068274974823
f1: 0.5673990845680237
loss: 0.6968741341290555
precision: 0.5546372532844543
recall: 0.5807619094848633
Sharpe_Ratio_Equal-Weight_D1: 0.13264669229888212
Sharpe_Ratio_Equal-Weight_D10: 0.515066788901124
Sharpe_Ratio_Equal-Weight_D2: 0.24319554867359075
Sharpe_Ratio_Equal-Weight_D3: 0.24959620720868386
Sharpe_Ratio_Equal-Weight_D4: 0.3158785216405972
Sharpe_Ratio_Equal-Weight_D5: 0.3475594307219628
Sharpe_Ratio_Equal-Weight_D6: 0.3352116991874846
Sharpe_Ratio_Equal-Weight_D7: 0.3803555695551412
Sharpe_Ratio_Equal-Weight_D8: 0.3645918441869902
Sharpe_Ratio_Equal-Weight_D9: 0.3980847604140674
Sharpe_Ratio_Equal-Weight_H-L: 0.6652224459687391
Sharpe_Ratio_Value-Weight_D1: 0.26982180912180537
Sharpe_Ratio_Value-Weight_D10: 0.31356417188213204
Sharpe_Ratio_Value-Weight_D2: 0.20455051764293275
Sharpe_Ratio_Value-Weight_D3: 0.2547447196076408
Sharpe_Ratio_Value-Weight_D4: 0.20942203591799408
Sharpe_Ratio_Value-Weight_D5: 0.2728169678073535
Sharpe_Ratio_Value-Weight_D6: 0.3393750200296338
Sharpe_Ratio_Value-Weight_D7: 0.2937204682204969
Sharpe_Ratio_Value-Weight_D8: 0.25719475733526703
Sharpe_Ratio_Value-Weight_D9: 0.3278009780340183
Sharpe_Ratio_Value-Weight_H-L: -0.21570057091874795
Equal-Weight_D1: 0.0527929089792718
Equal-Weight_D10: 0.13930091870621641
Equal-Weight_D2: 0.0770940687377053
Equal-Weight_D3: 0.07871586146523724
Equal-Weight_D4: 0.09342552312297081
Equal-Weight_D5: 0.1015929366001862
Equal-Weight_D6: 0.09701712869177315
Equal-Weight_D7: 0.10894438733574718
Equal-Weight_D8: 0.10490833772601005
Equal-Weight_D9: 0.11271050954685435
Equal-Weight_H-L: 0.08321377621324011
Value-Weight_D1: 0.07596880096992464
Value-Weight_D10: 0.0790772619246276
Value-Weight_D2: 0.06194142695560334
Value-Weight_D3: 0.07179464435006877
Value-Weight_D4: 0.0630927480131993
Value-Weight_D5: 0.0746634272323834
Value-Weight_D6: 0.08466517611795354
Value-Weight_D7: 0.07549854865206407
Value-Weight_D8: 0.06909423850925922
Value-Weight_D9: 0.08182716085196695
Value-Weight_H-L: 0.002939852124696829
