FN: 269518
FP: 375990
TN: 255951
TP: 474756
accuracy: 0.530954122543335
f1: 0.5952978134155273
loss: 0.6914050862985204
precision: 0.5580466985702515
recall: 0.6378780007362366
Sharpe_Ratio_Equal-Weight_D1: 0.11879066634504079
Sharpe_Ratio_Equal-Weight_D10: 0.5146334154995732
Sharpe_Ratio_Equal-Weight_D2: 0.20443555457464976
Sharpe_Ratio_Equal-Weight_D3: 0.27195306731912555
Sharpe_Ratio_Equal-Weight_D4: 0.2956747232946109
Sharpe_Ratio_Equal-Weight_D5: 0.33254048454106383
Sharpe_Ratio_Equal-Weight_D6: 0.3597107523220624
Sharpe_Ratio_Equal-Weight_D7: 0.40568302991625177
Sharpe_Ratio_Equal-Weight_D8: 0.40813583103158063
Sharpe_Ratio_Equal-Weight_D9: 0.43234586785740503
Sharpe_Ratio_Equal-Weight_H-L: 0.6531509414075598
Sharpe_Ratio_Value-Weight_D1: 0.14897527931022517
Sharpe_Ratio_Value-Weight_D10: 0.3410089103750258
Sharpe_Ratio_Value-Weight_D2: 0.24596024372568667
Sharpe_Ratio_Value-Weight_D3: 0.2409206389160859
Sharpe_Ratio_Value-Weight_D4: 0.25534439374357065
Sharpe_Ratio_Value-Weight_D5: 0.2772437896281582
Sharpe_Ratio_Value-Weight_D6: 0.28492986542446597
Sharpe_Ratio_Value-Weight_D7: 0.31211767639090615
Sharpe_Ratio_Value-Weight_D8: 0.2620661191800399
Sharpe_Ratio_Value-Weight_D9: 0.31850519506363906
Sharpe_Ratio_Value-Weight_H-L: 0.020624714652430196
Equal-Weight_D1: 0.05313550544636958
Equal-Weight_D10: 0.13432818785187428
Equal-Weight_D2: 0.07125401007443033
Equal-Weight_D3: 0.08588924569051848
Equal-Weight_D4: 0.08893188210480885
Equal-Weight_D5: 0.09663808364614068
Equal-Weight_D6: 0.10155044167386507
Equal-Weight_D7: 0.10953741204260159
Equal-Weight_D8: 0.11084204355945215
Equal-Weight_D9: 0.1143720071405343
Equal-Weight_H-L: 0.07807992754621318
Value-Weight_D1: 0.05475331167729358
Value-Weight_D10: 0.08280318379131613
Value-Weight_D2: 0.07047536823161527
Value-Weight_D3: 0.06808991603889791
Value-Weight_D4: 0.07218714450380914
Value-Weight_D5: 0.07192941298014377
Value-Weight_D6: 0.07520536891538887
Value-Weight_D7: 0.07925857622392729
Value-Weight_D8: 0.07018274193209684
Value-Weight_D9: 0.0791915818892952
Value-Weight_H-L: 0.02693690516340963
